avg_loss: 7.9390129325095184
acc1: 0.7786032689450223
acc5: 2.6827246422147493
acc1_any: 0.7786032689450223
acc5_any: 2.6827246422147493
