avg_loss: 3.8948246977302468
acc1: 22.181277860326894
acc5: 60.94033002267928
acc1_any: 22.181277860326894
acc5_any: 60.94033002267928
