avg_loss: 4.13518041760734
acc1: 16.647845468053493
acc5: 40.32188941894111
acc1_any: 16.647845468053493
acc5_any: 40.32188941894111
