avg_loss: 3.7878893637925053
acc1: 20.181434269179636
acc5: 47.251740048486745
acc1_any: 20.181434269179636
acc5_any: 47.251740048486745
