avg_loss: 3.9708557643247455
acc1: 18.17783686556659
acc5: 51.89239070931415
acc1_any: 18.17783686556659
acc5_any: 51.89239070931415
