avg_loss: 3.8336618900299073
acc1: 23.21263783530148
acc5: 53.334793149292246
acc1_any: 23.21263783530148
acc5_any: 53.334793149292246
