avg_loss: 3.8527741330393246
acc1: 8.193008524282474
acc5: 32.775787909595685
acc1_any: 8.193008524282474
acc5_any: 32.775787909595685
