avg_loss: 3.9354818504847837
acc1: 25.513412059122548
acc5: 59.623993118010475
acc1_any: 25.513412059122548
acc5_any: 59.623993118010475
