avg_loss: 3.741307392548979
acc1: 13.484945647923672
acc5: 40.998514115898956
acc1_any: 13.484945647923672
acc5_any: 40.998514115898956
