avg_loss: 3.946458491314663
acc1: 18.62297646046766
acc5: 59.307108782357076
acc1_any: 18.62297646046766
acc5_any: 59.307108782357076
