avg_loss: 3.8047759393627723
acc1: 11.45225619770079
acc5: 41.42895127864237
acc1_any: 11.45225619770079
acc5_any: 41.42895127864237
