avg_loss: 3.9156119185887026
acc1: 22.54383358098068
acc5: 54.887933057011026
acc1_any: 22.54383358098068
acc5_any: 54.887933057011026
