avg_loss: 3.991796332262875
acc1: 17.62540079768515
acc5: 54.39774771252053
acc1_any: 17.62540079768515
acc5_any: 54.39774771252053
