avg_loss: 4.072792018397471
acc1: 20.80206459685618
acc5: 41.84812700398843
acc1_any: 20.80206459685618
acc5_any: 41.84812700398843
